# redshift DM
0.022023 65.328191
0.037380 75.892234
0.046482 306.495741
0.052008 134.159071
0.054730 95.285964
0.069993 192.556171
0.072116 35.684093
0.075524 225.191216
0.078842 166.311181
0.084037 35.055186
0.090274 133.097606
0.094865 199.539500
0.101545 117.066018
0.101677 47.434824
0.102759 29.034517
0.103248 66.632704
0.108384 96.626575
0.108670 360.044137
0.111364 202.150962
0.112765 363.009487
0.121855 222.842736
0.121986 239.842115
0.122001 349.808828
0.124596 167.093174
0.124733 101.475739
0.127539 246.807998
0.132757 302.289250
0.132812 75.101730
0.133706 47.538582
0.134454 149.524806
0.136702 233.590269
0.138691 231.875828
0.139197 273.317644
0.144075 370.335295
0.144642 67.287083
0.145844 113.231455
0.146199 37.590924
0.146733 467.503585
0.151281 179.384949
0.153604 50.561783
0.155198 258.328763
0.156026 247.854470
0.157078 133.706125
0.157374 257.984073
0.157448 57.204720
0.157808 97.628584
0.159246 171.424851
0.159792 57.201666
0.161301 379.479442
0.161321 359.385773
0.161951 169.313286
0.162037 362.870812
0.163140 143.156579
0.164329 134.240273
0.165989 172.376627
0.166291 150.618457
0.166316 139.660809
0.166692 305.381184
0.167661 185.516710
0.168373 254.817000
0.172695 298.694116
0.175600 223.086816
0.180605 60.893216
0.180875 13.923673
0.180909 199.282514
0.181786 160.674264
0.184011 194.952482
0.184277 182.422544
0.187408 508.520514
0.190071 24.797914
0.190333 278.127343
0.191125 232.945193
0.192744 146.214416
0.196643 236.857460
0.197178 271.004896
0.198424 360.263594
0.199124 10.564452
0.199441 130.237882
0.200904 255.629694
0.200972 298.689056
0.201292 478.111710
0.201398 322.483572
0.202030 195.718806
0.202292 90.991389
0.202490 132.262966
0.203416 129.585241
0.204601 288.256272
0.205915 239.401110
0.206675 40.321478
0.206727 152.641747
0.206743 318.772560
0.207885 253.502125
0.208095 281.206492
0.209075 258.755680
0.211304 419.114392
0.214539 246.003143
0.216191 168.419640
0.219047 103.531155
0.219620 253.197693
0.219865 246.815061
0.221330 199.429903
0.222942 198.320819
0.223705 50.294530
0.224704 107.260297
0.224856 330.842701
0.224897 256.454023
0.225213 240.213384
0.225333 266.651554
0.226343 240.233151
0.227915 390.185510
0.228219 246.195188
0.228396 42.396584
0.230235 442.980180
0.230590 280.626771
0.231122 157.149557
0.232671 72.694625
0.232951 286.520478
0.234204 221.381443
0.238348 445.733835
0.240293 197.903461
0.240908 134.444175
0.242732 362.541865
0.243622 367.423742
0.244312 269.275545
0.246023 337.605450
0.247234 245.363331
0.248166 281.972339
0.249092 405.240562
0.250105 335.517236
0.254406 235.555476
0.254564 436.451121
0.256836 263.113135
0.257277 532.243880
0.259597 37.379045
0.260003 180.704542
0.261425 259.884888
0.261465 245.920008
0.262403 399.986042
0.262504 125.980268
0.262779 301.385368
0.264661 191.821312
0.265985 309.453975
0.266608 262.177672
0.268306 285.010368
0.268375 199.300599
0.268963 205.210598
0.269024 311.725760
0.269402 399.809643
0.270010 194.476947
0.270450 158.759824
0.270673 357.137432
0.271186 271.319443
0.272041 387.730028
0.272149 155.446818
0.272746 39.025957
0.273413 206.614997
0.275016 176.918530
0.276148 270.359042
0.277576 196.839538
0.277695 382.219075
0.278583 244.758724
0.280275 305.603559
0.281843 308.263635
0.281968 313.434057
0.282275 284.202148
0.283665 357.920655
0.284140 181.910243
0.284755 479.324701
0.285027 258.398254
0.287103 114.926636
0.288794 319.916082
0.288853 178.998142
0.288917 384.797701
0.289429 594.966239
0.290299 189.183361
0.290662 341.549446
0.290940 58.153920
0.291052 358.494422
0.291873 177.249222
0.292326 213.176601
0.292982 148.988751
0.294253 399.972072
0.295186 438.553021
0.298042 307.469479
0.298984 187.082275
0.299583 523.366719
0.301649 205.309580
0.302218 12.371427
0.303453 372.953344
0.303487 158.506740
0.304957 447.468361
0.307032 261.449417
0.307448 397.420974
0.307813 507.662513
0.307877 148.364812
0.310597 239.629660
0.311516 308.242578
0.312968 532.743156
0.313098 229.383253
0.313823 238.945013
0.314039 387.528300
0.314109 241.622909
0.314507 342.998704
0.315877 108.462187
0.317626 632.344488
0.320423 140.935573
0.320459 283.560577
0.320720 324.043413
0.320935 594.715275
0.322462 146.022286
0.323677 608.094293
0.324185 437.804592
0.325896 392.319170
0.326300 197.109390
0.326520 414.522786
0.329089 236.352521
0.329524 515.242326
0.330289 202.893588
0.330947 323.696360
0.331195 262.024782
0.332155 202.407937
0.333856 446.725600
0.334100 418.106206
0.334217 512.803209
0.335217 94.069768
0.335592 494.096297
0.336427 697.759702
0.336511 282.016915
0.338262 614.266556
0.338595 310.711078
0.339065 154.923646
0.340414 306.632147
0.340802 498.016449
0.341610 232.716814
0.342398 267.088350
0.342633 435.962046
0.343642 353.644262
0.344129 436.402653
0.344529 387.806454
0.347681 425.557631
0.347868 296.478297
0.347947 390.709638
0.348371 226.784405
0.350298 543.374021
0.350571 270.587203
0.351092 521.655456
0.351466 328.446199
0.352024 390.975675
0.352569 292.433419
0.353540 219.267588
0.353970 115.921658
0.354089 214.204851
0.354402 318.685114
0.354419 395.016461
0.355093 509.544376
0.356013 302.998218
0.356498 241.281046
0.356826 161.603398
0.357158 436.303818
0.357360 565.430222
0.359038 550.775046
0.359303 471.575756
0.361159 463.496411
0.361676 615.697707
0.362884 421.562282
0.363742 467.539356
0.364824 330.062457
0.365303 181.133367
0.365688 278.851978
0.365932 375.966212
0.365947 386.025179
0.369798 658.757773
0.370502 393.932400
0.372070 553.883346
0.372121 321.251185
0.372411 339.347853
0.374238 194.381966
0.374630 279.486810
0.374699 462.884597
0.375106 388.305233
0.375429 523.819687
0.376841 415.309746
0.376972 338.251709
0.377676 700.900385
0.377772 376.510835
0.378956 559.839428
0.379537 333.878900
0.381444 497.034990
0.383017 530.571413
0.384503 427.711455
0.386138 56.504759
0.386706 402.447774
0.386778 579.024797
0.387275 477.234660
0.387669 465.788604
0.387808 150.054635
0.390475 298.727355
0.392031 465.672405
0.392178 465.695919
0.392330 583.399583
0.393697 386.192003
0.394187 467.290086
0.396584 412.917688
0.396712 266.019850
0.397766 80.987576
0.397985 475.257322
0.398319 437.921928
0.398905 322.317189
0.400982 177.351258
0.401470 508.402334
0.402480 377.811229
0.402550 498.922460
0.403112 691.924030
0.403229 102.590496
0.405886 317.498326
0.407130 391.095738
0.407215 636.729897
0.407389 180.799489
0.407515 708.085373
0.410039 445.233382
0.410138 411.069916
0.410272 396.126754
0.411785 362.498243
0.412495 582.990054
0.412587 269.734811
0.413580 480.178223
0.413736 372.260446
0.414306 316.845010
0.415099 814.117744
0.416899 494.832648
0.418642 525.661964
0.418643 603.611578
0.421382 225.919406
0.421606 698.647011
0.421895 64.451673
0.421934 323.629303
0.422898 370.764923
0.423186 526.173339
0.423220 472.111412
0.423497 414.951057
0.424520 439.142591
0.424855 295.389438
0.426372 219.375452
0.426393 551.464046
0.426847 547.089752
0.427203 680.586838
0.427284 325.909964
0.427534 547.749031
0.427679 401.979332
0.428117 622.816080
0.428688 598.302920
0.429813 478.312306
0.431698 397.897216
0.432103 593.204147
0.432178 546.232842
0.433601 348.182891
0.436000 254.014331
0.437424 411.638219
0.437929 683.461855
0.438945 629.196050
0.439452 289.801971
0.441727 283.703479
0.442527 652.814332
0.443958 290.753797
0.444790 539.970748
0.446049 371.341262
0.448156 711.416112
0.448964 351.001481
0.449532 641.390417
0.449588 496.305326
0.450013 506.976208
0.451362 171.561562
0.452423 137.251070
0.452925 438.493273
0.453214 509.748012
0.453548 301.848245
0.454230 308.069233
0.455048 559.585456
0.455354 560.145276
0.455781 454.150889
0.455864 593.765144
0.456383 297.215001
0.457951 423.293389
0.459347 729.973375
0.460585 490.757902
0.461204 500.281960
0.461599 833.128041
0.462701 269.116100
0.464556 606.362304
0.465327 739.854950
0.465466 436.035744
0.465782 617.453516
0.467216 337.356265
0.467592 382.924922
0.469233 548.785995
0.469904 612.923174
0.470007 662.446541
0.470105 731.327948
0.471004 481.416509
0.471755 675.681645
0.472659 441.035417
0.472874 632.277878
0.473345 526.181456
0.473847 563.322876
0.474010 560.103409
0.474623 249.159861
0.475410 323.788199
0.476914 514.013374
0.477524 239.226989
0.478377 627.829479
0.479040 634.818907
0.479049 550.973897
0.479461 328.295036
0.479564 713.796932
0.479812 815.354371
0.480829 525.208412
0.481084 581.541271
0.481454 534.333659
0.481513 585.089890
0.481927 485.289173
0.482543 499.076815
0.483843 645.726144
0.484100 868.456257
0.484622 290.354526
0.486006 492.156740
0.488153 327.804783
0.489991 759.317786
0.490077 421.586112
0.491683 290.564542
0.492013 613.821598
0.492990 786.658846
0.493135 619.059688
0.493799 548.572306
0.494290 580.863849
0.495384 738.431107
0.497189 384.467006
0.497383 503.297153
0.497474 450.353580
0.498457 340.040743
0.498651 470.959514
0.499283 695.342146
0.500356 612.279964
0.501005 625.140670
0.502201 548.847549
0.503763 609.428702
0.504008 402.949520
0.504441 480.107072
0.504551 558.571173
0.506178 573.756181
0.506181 580.432047
0.506549 509.138388
0.507207 472.451114
0.507296 1025.627997
0.507744 673.987863
0.508134 597.181557
0.508242 496.129808
0.508730 462.522416
0.509248 513.253948
0.509955 580.395064
0.510854 240.749161
0.511467 290.098959
0.512183 437.065558
0.512383 569.681918
0.512752 500.048789
0.513303 770.195478
0.513577 305.798015
0.515916 422.981225
0.516146 780.269052
0.516260 562.062843
0.517522 682.029488
0.521282 870.286697
0.521363 437.703470
0.521407 531.457310
0.522609 505.466198
0.522842 240.360668
0.523369 500.294152
0.523725 688.711673
0.523895 635.173076
0.524058 647.750264
0.524319 491.036017
0.524980 447.430671
0.526261 753.032751
0.526838 474.475056
0.526860 599.601045
0.526915 578.994027
0.529883 787.868241
0.530099 710.495261
0.532039 353.512238
0.532840 371.387445
0.533920 652.732957
0.534062 550.833502
0.536061 490.947292
0.536810 725.442598
0.539143 596.458659
0.539914 575.834604
0.541675 693.643107
0.542506 510.566915
0.544225 822.403081
0.545002 447.354218
0.545484 678.465287
0.545486 802.456726
0.546012 354.336859
0.546404 519.815881
0.547867 758.756843
0.552501 766.697179
0.553514 554.991810
0.555309 466.622023
0.557016 739.777370
0.557088 776.399552
0.557424 399.795128
0.557801 393.872652
0.558605 624.270201
0.559090 689.745562
0.560096 541.649239
0.560336 699.210538
0.561298 476.822320
0.561996 251.541240
0.562613 524.271801
0.562846 602.939486
0.563428 548.984638
0.563697 407.108431
0.564894 302.441734
0.567888 515.358321
0.568246 743.602963
0.568997 802.376125
0.569982 792.496257
0.571143 470.032841
0.571257 415.549895
0.571504 682.595788
0.571967 705.513887
0.572248 667.845108
0.572326 277.490316
0.573126 463.846979
0.573878 600.123137
0.574751 684.778808
0.575505 731.006507
0.576315 630.991599
0.576960 661.944569
0.577746 622.956668
0.578061 720.732061
0.578843 661.163138
0.579579 621.887712
0.581144 569.359331
0.581307 626.328858
0.582515 693.213206
0.584068 659.673598
0.585492 679.722962
0.585745 836.574234
0.586433 661.956893
0.586458 513.139297
0.586780 763.058665
0.587688 397.591265
0.588653 444.972759
0.589212 676.604686
0.589816 706.730370
0.592403 422.083308
0.592536 563.009527
0.594651 528.790091
0.595153 548.843029
0.596998 784.844931
0.597598 746.744200
0.598197 628.639077
0.600195 544.507816
0.600676 413.288839
0.601242 867.972326
0.601982 733.059382
0.605057 523.282330
0.605729 758.309528
0.606700 629.616386
0.606972 594.263178
0.607921 714.079617
0.608099 520.752129
0.611002 589.298452
0.613406 668.589959
0.613459 566.280529
0.613652 759.157970
0.614764 958.399153
0.617451 528.448944
0.617839 378.391550
0.619144 324.032155
0.619366 630.275175
0.619371 545.527451
0.620961 691.297030
0.624075 682.316842
0.625326 396.001398
0.625449 361.037011
0.625748 711.260078
0.627052 686.104875
0.628943 595.037328
0.629093 390.766161
0.629486 744.607242
0.629514 877.568976
0.630002 713.071212
0.631819 528.035839
0.632963 677.581201
0.633132 443.143954
0.633145 846.336023
0.634081 685.025250
0.635411 378.499262
0.637969 625.588749
0.638520 753.550950
0.640100 622.495996
0.640287 632.233267
0.641462 475.176512
0.643938 776.971887
0.644875 574.928094
0.645831 323.741669
0.646851 623.401473
0.647692 850.669886
0.648934 623.022873
0.650643 980.976044
0.651164 762.191331
0.652076 748.100429
0.653418 671.232623
0.653467 681.372810
0.654095 649.313380
0.654465 643.193909
0.656254 785.090997
0.657622 540.122377
0.658825 517.817755
0.658871 509.909763
0.658936 1042.912340
0.661138 790.584212
0.661999 753.535802
0.664740 527.003261
0.664802 810.450458
0.665021 685.945572
0.667319 744.285591
0.668168 544.194128
0.668537 736.549188
0.669930 639.417605
0.669964 581.708400
0.672080 837.543801
0.672946 454.232117
0.674059 811.173803
0.675437 833.023371
0.675740 568.470724
0.676416 579.224261
0.677971 682.106916
0.679032 768.915902
0.679524 695.701965
0.679548 795.199731
0.680571 1021.957649
0.682242 638.417007
0.683041 434.164693
0.683550 866.405917
0.683746 1012.316895
0.683780 793.071511
0.684344 542.086535
0.684739 706.333769
0.685298 537.837306
0.686717 838.942507
0.686840 499.822297
0.687156 678.998261
0.687318 559.344041
0.690096 754.918393
0.692807 673.835712
0.693984 767.769986
0.695855 743.494765
0.696437 571.815701
0.697637 848.760449
0.699140 734.971574
0.699355 574.524316
0.702506 1130.667084
0.702861 828.995559
0.704616 723.100533
0.704778 992.033791
0.708042 1069.144946
0.708173 728.352357
0.709715 814.636592
0.713593 589.401846
0.713803 734.200965
0.714516 726.059839
0.716380 794.172409
0.718732 822.286994
0.719191 861.930802
0.722301 809.898924
0.722620 560.351224
0.725742 610.585535
0.725753 678.324591
0.727271 725.606392
0.727300 956.047378
0.727520 573.637744
0.735252 721.241734
0.736164 949.492243
0.736405 732.468661
0.736995 865.004929
0.737325 761.285638
0.737905 830.699126
0.738084 746.682569
0.738530 902.616896
0.740532 520.644345
0.741081 726.520492
0.741107 841.202389
0.743108 884.680090
0.744660 1053.336965
0.746268 727.302217
0.746360 1053.032706
0.746932 681.353538
0.749387 1030.374401
0.749645 941.583753
0.751682 642.016425
0.753210 856.623143
0.754529 795.546654
0.756555 916.043150
0.759501 770.925873
0.761527 758.433229
0.765157 1056.202581
0.765958 799.799586
0.767469 963.753815
0.767493 779.268465
0.769032 1113.043352
0.769156 701.566526
0.770706 714.484474
0.771358 1090.882475
0.773789 747.517184
0.774868 1108.554538
0.774956 983.908196
0.776515 801.539702
0.779362 512.449717
0.779833 829.013490
0.780666 851.248604
0.780962 1039.407492
0.783112 1116.239100
0.783165 715.256906
0.783332 977.618027
0.785177 973.427697
0.785948 1028.701383
0.786753 928.131213
0.787815 497.998337
0.788732 814.761717
0.788971 638.210263
0.789256 806.993469
0.790761 1017.804930
0.794171 902.266151
0.795314 1052.873533
0.795969 910.766505
0.796628 620.836593
0.797523 405.020421
0.798679 879.591138
0.798695 815.276305
0.798913 680.178615
0.801359 554.265331
0.801876 726.271973
0.801898 822.216007
0.802099 975.202759
0.802259 890.640391
0.803735 1144.460198
0.804701 675.791836
0.805455 1017.287630
0.805846 869.507853
0.806509 985.360167
0.809176 787.074420
0.810628 1057.205298
0.811974 920.446777
0.812282 747.132799
0.816351 870.527346
0.816968 830.604139
0.817266 960.983391
0.820559 666.524059
0.820749 872.272210
0.821332 948.804001
0.822749 885.624029
0.823365 1121.270532
0.823528 1019.002905
0.824295 880.083974
0.825335 921.342593
0.825685 935.866785
0.827488 957.156792
0.828303 558.823946
0.831545 835.337538
0.833262 624.970874
0.835324 1123.052441
0.835531 882.866089
0.836237 859.848052
0.836389 1055.793234
0.837224 971.521211
0.837394 693.082040
0.837627 883.358659
0.838077 836.366989
0.840189 585.229834
0.842827 777.594158
0.843052 869.034420
0.845792 884.374603
0.852419 644.805494
0.854171 1122.303690
0.855205 896.985530
0.855979 923.070077
0.857087 989.930279
0.858784 776.822915
0.859651 1002.886352
0.860341 854.651585
0.866959 765.768016
0.874839 1041.248062
0.874856 1208.179966
0.876275 1070.400727
0.878540 1109.037883
0.880265 848.171089
0.880439 652.251020
0.880445 1214.500510
0.880517 1317.353661
0.881882 1225.790509
0.881945 883.640249
0.883411 735.986349
0.885106 753.959289
0.886589 642.751473
0.891800 936.007322
0.892360 1249.665863
0.897274 935.706149
0.898630 1018.468205
0.900828 1217.540892
0.901268 891.970653
0.902658 1340.649379
0.906626 1337.461544
0.909079 950.495743
0.909793 869.273361
0.912247 1106.208458
0.912319 914.243504
0.913325 766.569325
0.915193 1216.984018
0.916466 1206.542007
0.918393 1013.414585
0.918865 752.719676
0.920035 760.065122
0.921667 1008.128028
0.921979 896.565294
0.922679 926.586757
0.922938 1178.187148
0.926332 1128.787183
0.928073 1249.852350
0.928536 812.941538
0.929537 933.584004
0.930024 1137.737131
0.930913 1081.291213
0.931517 1282.377404
0.931838 1077.233558
0.934322 1344.073109
0.941886 1110.592060
0.944202 1210.041200
0.947696 956.776563
0.949271 1021.217631
0.949914 1188.502316
0.955109 1325.028831
0.955991 1161.609872
0.959796 1014.569243
0.960606 1287.577168
0.961196 623.111218
0.964661 770.089758
0.964827 1162.705504
0.964977 1038.352397
0.965399 1149.147879
0.965986 1048.839674
0.968784 1146.490081
0.981409 901.061099
0.982526 1161.784006
0.983831 1242.720825
0.985393 1286.913221
0.985912 1436.262721
0.987428 1106.015665
0.988413 1112.696705
0.991250 778.256274
0.993505 966.950037
0.994143 1031.228893
0.997181 1268.432076
0.998676 957.469070
0.999892 1223.705956
1.003516 1077.425571
1.005721 1046.726369
1.008728 1130.365235
1.011350 1012.399430
1.013090 1007.103913
1.013829 766.865978
1.017925 1046.510798
1.018882 1003.649751
1.024766 1003.088935
1.025170 1180.260640
1.027809 1229.014488
1.029917 1150.478852
1.030429 1295.831715
1.031021 1216.839798
1.032633 1053.378040
1.034366 1023.372351
1.035617 1172.044912
1.037340 1223.527344
1.043397 1387.091145
1.046685 1351.505670
1.046823 1021.648157
1.049664 1108.420486
1.050034 1256.169874
1.050041 1331.847791
1.050201 1307.433086
1.051523 1117.697077
1.053454 892.740703
1.055224 943.241376
1.060186 1191.357892
1.060809 1205.340400
1.062400 931.623107
1.074249 1163.031471
1.075190 1276.540567
1.075446 935.026862
1.078998 1371.688930
1.080234 1088.486133
1.083771 1406.401426
1.086533 1065.214942
1.087818 971.736239
1.095659 1089.369909
1.096643 1160.354391
1.099583 1106.957894
1.099917 1140.571230
1.101153 1247.970812
1.109525 1159.507931
1.112869 1183.406514
1.118406 871.227090
1.118695 1278.313273
1.119749 1186.329318
1.120866 1516.750601
1.121339 1023.288153
1.121820 855.463876
1.123089 1326.991489
1.127300 1278.957843
1.128138 1016.979168
1.133186 920.942302
1.137096 1521.137190
1.138048 1498.249604
1.139362 740.930746
1.149321 1146.107720
1.152738 1563.658530
1.152848 1146.349654
1.155240 1146.032243
1.155748 1187.131604
1.159006 1026.912024
1.167469 921.385634
1.178478 1473.049890
1.178596 905.466593
1.179725 1316.511454
1.183296 1445.836490
1.186450 990.229278
1.189163 1096.516697
1.192209 1519.889554
1.192601 1386.572149
1.197692 1165.749346
1.205825 1532.920903
1.213101 1541.866430
1.214040 1357.817578
1.217230 1130.264956
1.218455 1227.705951
1.225731 1373.831169
1.228351 1282.615760
1.234531 1512.639152
1.239388 1028.222028
1.243892 1039.810628
1.259674 1389.279557
1.262133 1257.954394
1.262615 1231.461173
1.264405 1005.929197
1.265081 1362.898719
1.272014 1355.828755
1.282253 1507.851305
1.317285 1428.092642
1.323592 1394.186403
1.336861 1672.353721
1.338045 1171.229424
1.341116 1547.644891
1.349382 1110.145540
1.349436 1278.579525
1.349908 1203.378532
1.354028 1611.127603
1.356963 1442.752597
1.359887 1456.329747
1.362417 1237.486645
1.378024 1417.213808
1.380067 1325.112015
1.380335 1558.411877
1.409308 1308.541284
1.419699 1793.418730
1.431365 1190.737765
1.465146 1402.961460
1.471144 1920.401621
1.479253 1493.798820
1.487347 1320.546680
1.512124 1662.791467
1.536827 1544.132425
1.537420 1469.863759
1.556807 1435.204684
1.580551 2265.745085
1.592349 1647.125247
1.632607 1336.172443
1.661772 2085.111059
1.677087 1914.768988
1.700854 1647.489361
1.751109 1661.633421
1.765097 2017.623742
1.787089 1843.353761
1.802146 1499.256396
1.897813 2391.019203
1.935957 1949.030881
2.018549 2448.986266
2.134218 2515.173307
2.679814 2508.501676
2.913884 3183.330286
