2.304849074355797711e+04
2.062802860876710838e+04
2.385081215245162457e+04
2.419301648950418530e+04
1.898813666042309342e+04
2.015607688764782870e+04
2.273011272570111396e+04
2.193076333378155323e+04
2.246975791649227904e+04
2.096452093036755468e+04
2.408291635475309158e+04
2.390002548377210769e+04
2.261885525561018949e+04
2.452903417254245869e+04
2.334151681605368140e+04
2.095327356681017045e+04
2.316375141134849764e+04
2.077401131850780075e+04
2.408121054235309202e+04
2.241013336022474323e+04
2.216724774561852973e+04
2.127432682007290714e+04
2.470057440961325483e+04
2.222184693227615571e+04
2.172900992010640766e+04
2.186615960912118680e+04
2.345815653399602888e+04
2.315779931585533996e+04
2.324291870087277857e+04
2.327547780541418979e+04
2.635496568156683134e+04
2.176845297050769295e+04
2.157796308767123264e+04
2.103520908915382097e+04
2.360876296063589325e+04
2.453215012689760624e+04
2.229489457622122427e+04
2.098771834146745095e+04
2.101593381175576724e+04
2.367106701808446087e+04
2.383785750816619475e+04
2.347767768294935013e+04
2.130208252688034918e+04
2.291789038152009380e+04
2.271003445645331158e+04
2.289363947411222398e+04
2.406857180030674135e+04
2.290247198779442988e+04
2.372204441352940921e+04
2.262164232508000350e+04
2.302041491764197053e+04
2.363631880650937092e+04
1.987711952425980053e+04
2.192459181055685622e+04
2.165332922227296876e+04
2.135001987316198574e+04
2.200474394779196882e+04
2.519089436022191148e+04
2.094150399175216080e+04
2.424290103826466657e+04
1.947083441109155319e+04
2.189720694602560616e+04
2.279295551718900970e+04
2.355520019644670174e+04
2.378020784362714039e+04
2.392802502335986719e+04
2.187229486995281331e+04
2.166776677320378076e+04
2.404435658626287841e+04
2.215565221521309286e+04
2.020376461799173921e+04
2.046008301479373404e+04
2.084498588519710029e+04
2.339488933929677660e+04
2.275636632492701756e+04
2.374287363732198355e+04
2.173094523659423794e+04
2.278537144393808558e+04
2.362606270914120614e+04
2.194317622850356929e+04
2.332219542760333934e+04
2.130853330608002943e+04
2.184650307618287115e+04
2.181287179080300848e+04
2.034748863793972851e+04
2.337655046541404590e+04
2.165507578763509810e+04
2.252248941370983812e+04
2.336534398603063528e+04
2.330375611685389958e+04
2.369769319615101631e+04
2.232272612788303741e+04
2.173806303832052436e+04
2.235650722036848310e+04
1.946279801887554640e+04
1.989519754963844389e+04
2.011914069776207543e+04
2.070495571031733198e+04
2.321959360810218641e+04
2.087013770035189009e+04
2.181930740272909679e+04
2.483861093601491666e+04
2.185872485208943181e+04
2.382752802324075674e+04
2.081948817598222013e+04
2.213021239583826537e+04
2.078996030116095426e+04
2.188974046337898835e+04
2.401255464742331242e+04
1.939082323825377171e+04
2.328196255838254365e+04
2.292792408419810090e+04
2.143053007974577122e+04
1.989709586210078123e+04
2.262983311388496440e+04
2.154691312368515719e+04
2.291881718043846558e+04
2.253933386194219565e+04
2.538320200437764652e+04
2.206915987054855577e+04
