2.053890651918315052e+04
2.366611665088642258e+04
2.377199137832659108e+04
2.673388769562513335e+04
2.537128923937790387e+04
2.412786475378872274e+04
2.700458751717086125e+04
2.010921605876058675e+04
2.153664601485065577e+04
2.079090255234563665e+04
2.218649451179500466e+04
1.962061601635359693e+04
2.485139246171745253e+04
2.262222098754319086e+04
1.937590363429308854e+04
2.055949438886039206e+04
2.401513600337050593e+04
2.537912907652539070e+04
2.839150031839864459e+04
3.077604241161905520e+04
2.427746452651758955e+04
2.062720088791715170e+04
1.765667967009859785e+04
2.389604980209397399e+04
2.108635315219315089e+04
2.212007112353281991e+04
2.160854832244449790e+04
2.283394369531739721e+04
2.597154860004787406e+04
2.360832627535789652e+04
2.278754942369940909e+04
2.050730024265289103e+04
1.884582434376867241e+04
2.193559943640933852e+04
2.306016536787236691e+04
2.779661777530769541e+04
2.353871375582950350e+04
2.575512272865994964e+04
2.190183144379820442e+04
2.011914620731573450e+04
2.069069641819583194e+04
2.131441223220704342e+04
2.873402130433142884e+04
2.106439463401659668e+04
2.538007192971449695e+04
2.085238933697373068e+04
2.562208983347303365e+04
2.420087251187524453e+04
2.279274146608896626e+04
2.309401743204787272e+04
2.149755199188358529e+04
2.435978772385340926e+04
2.201704295111397369e+04
2.001342501420515327e+04
1.987736230676899140e+04
2.364872858607751186e+04
2.730563726666713046e+04
2.361597819529093977e+04
2.289154035211430528e+04
2.394314796296661007e+04
2.659560452843774328e+04
2.377039450354602741e+04
2.213158919983228407e+04
2.607635064615571173e+04
2.431476674000019557e+04
2.719296557918957842e+04
2.367640953677695506e+04
2.001638051752670071e+04
1.964278608196127243e+04
2.749241262380125045e+04
2.768153087403657264e+04
2.273325004546523996e+04
2.220371296504643033e+04
2.699975515982972502e+04
2.032168122668693104e+04
2.087370975071485009e+04
2.487264966619151528e+04
2.217402668056506809e+04
2.318668314652781555e+04
2.277504846383626864e+04
2.407769382687722828e+04
2.685945283941566231e+04
2.343552075794453776e+04
2.487424086251982953e+04
1.786955253731934135e+04
2.307333215498169375e+04
2.100760129723853606e+04
2.003108604289856885e+04
2.091680384598524688e+04
2.233127905417788861e+04
2.558134661012563447e+04
1.975137893387713484e+04
2.327964188074548656e+04
2.194115947333269651e+04
2.234804995465890170e+04
